1.610669344663619995e-01 1.389805525541305542e-01 2.266004234552383423e-01 -1.288171261548995972e-01 -1.193809583783149719e-01 -1.652935445308685303e-01
2.022979706525802612e-01 -2.071787118911743164e-01 -1.967294663190841675e-01 1.351815909147262573e-01 1.667929440736770630e-01 -1.788650155067443848e-01
2.203906029462814331e-01 -2.129718214273452759e-01 1.883372366428375244e-01 -1.116714328527450562e-01 -9.461287409067153931e-02 1.450452655553817749e-01
2.970201335847377777e-02 4.532342310994863510e-03 2.867116779088973999e-02 1.461896765977144241e-02 -3.194982185959815979e-02 1.041269162669777870e-03
2.020678669214248657e-01 -1.220324188470840454e-01 1.873073875904083252e-01 -1.414619386196136475e-01 -1.711640208959579468e-01 1.930202245712280273e-01
1.593945324420928955e-01 1.322290152311325073e-01 -1.052935197949409485e-01 -8.525682985782623291e-02 -1.164209470152854919e-01 6.141874566674232483e-02
1.221341788768768311e-01 1.438675522804260254e-01 -5.791205167770385742e-02 -7.016239315271377563e-02 -7.862787693738937378e-02 -4.343657195568084717e-02
1.652051806449890137e-01 -1.629369705915451050e-02 -9.501751512289047241e-02 -1.275179237127304077e-01 1.321582496166229248e-01 -1.066562607884407043e-01
1.896170228719711304e-01 4.872637987136840820e-02 -1.370739638805389404e-01 -9.347921609878540039e-02 -1.410088390111923218e-01 1.040721535682678223e-01
2.115705423057079315e-02 1.804760657250881195e-02 -6.821836344897747040e-03 -5.679997615516185760e-03 8.170796791091561317e-04 5.611498374491930008e-03
3.168253973126411438e-02 7.438785862177610397e-03 2.078015170991420746e-02 7.044355385005474091e-03 -3.306254372000694275e-02 7.197435013949871063e-03
3.992434218525886536e-02 5.500457715243101120e-03 1.991938427090644836e-02 1.303340215235948563e-02 -3.141079470515251160e-02 5.637943278998136520e-03
-2.053028345108032227e-01 2.093942016363143921e-01 -1.982043683528900146e-01 -1.348549425601959229e-01 5.576570332050323486e-02 1.999298781156539917e-01
5.153765156865119934e-02 -1.274693906307220459e-01 2.041075229644775391e-01 -1.490155905485153198e-01 -1.692955344915390015e-01 2.033948600292205811e-01
-1.802392899990081787e-01 4.797160252928733826e-02 1.220210343599319458e-01 1.639687567949295044e-01 -2.003551870584487915e-01 1.537909805774688721e-01
-2.097060158848762512e-02 -5.329844076186418533e-03 4.411166999489068985e-03 4.617921076714992523e-03 -9.642841294407844543e-03 5.475759971886873245e-04
-1.281471997499465942e-01 -1.163410469889640808e-01 1.507474631071090698e-01 -2.124871462583541870e-01 1.764387190341949463e-01 1.195179820060729980e-01
-3.139253333210945129e-02 -1.377417147159576416e-02 -1.462885178625583649e-02 -3.988363023381680250e-04 1.556829735636711121e-02 9.079942828975617886e-04
-2.794556878507137299e-02 -1.399546861648559570e-02 -1.293925009667873383e-02 -8.424460887908935547e-03 3.043711930513381958e-02 -7.201356813311576843e-03
3.207774832844734192e-02 1.102308928966522217e-02 1.818133890628814697e-02 9.362034616060554981e-04 -9.628094732761383057e-03 -5.243252031505107880e-03
1.340564936399459839e-01 1.455575078725814819e-01 -4.996314272284507751e-02 -7.082525640726089478e-02 -7.358971983194351196e-02 -5.923098698258399963e-02
-2.961196191608905792e-02 -3.756643086671829224e-02 7.342106103897094727e-02 7.362877577543258667e-02 -8.819936960935592651e-02 6.825736910104751587e-02
7.251509279012680054e-02 8.787053637206554413e-03 -1.265670061111450195e-01 -1.113059818744659424e-01 5.661154910922050476e-02 1.151113286614418030e-01
3.482445329427719116e-02 7.919337600469589233e-03 2.141321264207363129e-02 2.000079303979873657e-02 -2.939085662364959717e-02 3.305714344605803490e-04
-3.426657989621162415e-02 -5.165013018995523453e-03 -1.112276408821344376e-02 -5.971103906631469727e-03 2.389492467045783997e-02 -6.249557714909315109e-03
1.538271009922027588e-01 1.379635632038116455e-01 1.309203356504440308e-01 -1.203575581312179565e-01 -1.192543730139732361e-01 -1.497778445482254028e-01
1.915251612663269043e-01 -2.058449536561965942e-01 -2.028992027044296265e-01 1.420571506023406982e-01 1.644255965948104858e-01 -1.989892572164535522e-01
-1.250024233013391495e-02 -2.972687594592571259e-03 -1.401728251948952675e-03 1.919537899084389210e-03 1.066439202986657619e-03 6.490841042250394821e-03
-1.968885362148284912e-01 2.027691900730133057e-01 1.981999278068542480e-01 -1.513987034559249878e-01 -1.743580251932144165e-01 1.959322839975357056e-01
-4.773890972137451172e-02 -1.624570041894912720e-01 1.472281962633132935e-01 -1.856828182935714722e-01 1.483982503414154053e-01 1.219353601336479187e-01
1.232413277029991150e-01 1.098672598600387573e-01 -1.209998801350593567e-01 -1.528786569833755493e-01 1.701597571372985840e-01 -1.331193000078201294e-01
-3.365582227706909180e-02 1.596586555242538452e-01 1.934582442045211792e-01 1.534585058689117432e-01 -1.382128149271011353e-01 -1.709638386964797974e-01
-2.026082426309585571e-01 2.107578366994857788e-01 1.936138868331909180e-01 -1.980804651975631714e-01 1.383364647626876831e-01 -1.042649373412132263e-01
1.244623735547065735e-01 1.129519715905189514e-01 -1.219545304775238037e-01 -1.473300904035568237e-01 1.679086387157440186e-01 -1.351150870323181152e-01
-2.016698867082595825e-01 2.084677219390869141e-01 1.989989876747131348e-01 -2.177852988243103027e-01 1.954773813486099243e-01 -1.599497795104980469e-01
1.195842847228050232e-01 1.200872883200645447e-01 -6.650801002979278564e-02 -8.742506057024002075e-02 8.835951238870620728e-02 -1.072190627455711365e-01
-1.279583871364593506e-01 -1.526446491479873657e-01 4.888576269149780273e-02 6.812819093465805054e-02 7.036330550909042358e-02 6.045466661453247070e-02
-1.586055159568786621e-01 -1.366812139749526978e-01 -1.013781502842903137e-01 1.348654329776763916e-01 8.108282834291458130e-02 1.388107091188430786e-01
2.041289061307907104e-01 -2.067154794931411743e-01 2.033779323101043701e-01 1.451653242111206055e-01 -6.319697946310043335e-02 -2.053012400865554810e-01
1.196947321295738220e-01 1.219903603196144104e-01 -1.494281589984893799e-01 2.135532945394515991e-01 -1.749314963817596436e-01 -1.159793883562088013e-01
-1.249147802591323853e-01 -1.279993802309036255e-01 7.161597162485122681e-02 8.094851672649383545e-02 -7.360700517892837524e-02 1.104738935828208923e-01
4.128938913345336914e-02 4.944280162453651428e-02 -8.065805584192276001e-02 -8.212451636791229248e-02 9.675563126802444458e-02 -8.993263542652130127e-02
1.599720865488052368e-01 1.386515647172927856e-01 2.260503172874450684e-01 -1.305280923843383789e-01 -1.200554966926574707e-01 -1.693078428506851196e-01
1.157580465078353882e-01 1.194986850023269653e-01 -6.787680834531784058e-02 -8.750265091657638550e-02 9.002594649791717529e-02 -1.123493239283561707e-01
-3.344142436981201172e-02 -1.488281507045030594e-02 -2.031794376671314240e-02 -1.808596029877662659e-02 2.350872382521629333e-02 -2.406443236395716667e-03
1.573801040649414062e-01 1.360410153865814209e-01 2.232144922018051147e-01 -1.333156824111938477e-01 -1.243960261344909668e-01 -1.686313450336456299e-01
3.239589557051658630e-02 2.240800298750400543e-02 2.423115633428096771e-02 9.159063920378684998e-03 -4.363071173429489136e-02 -8.793187444098293781e-04
-2.055361308157444000e-02 -5.654681008309125900e-03 4.170409229118376970e-04 4.273424856364727020e-03 -1.389009994454681873e-03 -1.351286773569881916e-04
1.432835161685943604e-01 1.525986790657043457e-01 -4.730721563100814819e-02 -6.601138412952423096e-02 -7.802178710699081421e-02 -6.025310978293418884e-02
3.352386131882667542e-02 8.129472844302654266e-03 3.026217781007289886e-02 9.673835709691047668e-03 -3.318851068615913391e-02 3.562664205674082041e-04
-1.599475294351577759e-01 -1.345080733299255371e-01 1.165087148547172546e-01 9.467123448848724365e-02 1.283442527055740356e-01 -8.633714169263839722e-02
-3.085206821560859680e-02 -5.950654856860637665e-03 -2.106393687427043915e-02 -1.086148060858249664e-02 2.590185590088367462e-02 8.368729322683066130e-05
-2.047502100467681885e-01 2.143058925867080688e-01 -1.961491107940673828e-01 -6.159228086471557617e-02 -2.420315518975257874e-02 2.166125923395156860e-01
-3.723198175430297852e-02 -1.248471718281507492e-02 -2.615469321608543396e-02 -4.660342354327440262e-03 2.735567465424537659e-02 -4.023496061563491821e-03
-1.183462515473365784e-01 -1.197835877537727356e-01 6.528868526220321655e-02 8.768730610609054565e-02 -9.060832113027572632e-02 1.125718057155609131e-01
-1.495797932147979736e-01 -1.384308040142059326e-01 1.029630079865455627e-01 8.488360792398452759e-02 1.131264343857765198e-01 -5.374255403876304626e-02
3.234241157770156860e-02 1.774273067712783813e-02 1.952584832906723022e-02 1.465389039367437363e-02 -3.601526841521263123e-02 1.294829603284597397e-02
-1.609053760766983032e-01 -1.275978982448577881e-01 1.544647067785263062e-01 1.064187809824943542e-01 1.398317515850067139e-01 -1.650485843420028687e-01
-2.024649828672409058e-01 2.176497578620910645e-01 -8.366409689188003540e-02 -5.783836916089057922e-02 5.788298696279525757e-02 -3.269904851913452148e-02
-3.129778429865837097e-02 -8.931115269660949707e-03 -2.994025312364101410e-02 -1.618996262550354004e-02 3.029920533299446106e-02 6.988642853684723377e-04
-1.383931934833526611e-01 1.896950453519821167e-01 -1.984501928091049194e-01 1.550129503011703491e-01 1.757400333881378174e-01 -2.046980112791061401e-01
4.890931886620819569e-04 -4.939239937812089920e-03 1.281746663153171539e-02 -2.533567836508154869e-03 -1.522792037576436996e-02 2.039734506979584694e-03
-3.562575578689575195e-02 -4.580833949148654938e-03 -3.056886605918407440e-02 -8.301311172544956207e-03 3.865421190857887268e-02 -6.873659323900938034e-03
-1.888639032840728760e-01 1.983621269464492798e-01 1.903698891401290894e-01 -1.303154826164245605e-01 -1.738088279962539673e-01 1.926030665636062622e-01
1.943101137876510620e-01 -1.011316701769828796e-01 -1.218354776501655579e-01 -1.756310164928436279e-01 1.966542303562164307e-01 -1.610974967479705811e-01
1.601219028234481812e-01 1.361416578292846680e-01 2.292725592851638794e-01 -1.392771303653717041e-01 -1.249232143163681030e-01 -1.752953082323074341e-01
-2.952569164335727692e-02 1.665817946195602417e-01 2.013632059097290039e-01 1.612619608640670776e-01 -1.388170421123504639e-01 -1.711244881153106689e-01
-1.169700175523757935e-01 -1.155760735273361206e-01 7.532645016908645630e-02 1.009035557508468628e-01 -1.122109815478324890e-01 1.254762411117553711e-01
8.173703402280807495e-02 6.701669842004776001e-02 -1.553179770708084106e-01 1.520778089761734009e-01 -1.435340344905853271e-01 1.295198053121566772e-01
-7.537684589624404907e-02 -7.513359189033508301e-02 6.758870929479598999e-02 1.006901413202285767e-01 -1.002849191427230835e-01 1.019119098782539368e-01
-2.914107404649257660e-02 -7.950526662170886993e-03 -2.433614619076251984e-02 -1.151219848543405533e-02 4.102944582700729370e-02 -6.679554353468120098e-04
2.044107019901275635e-01 -2.048053592443466187e-01 -1.576555967330932617e-01 2.229766845703125000e-01 -1.692146211862564087e-01 -1.219521239399909973e-01
-8.467476814985275269e-03 -5.769188981503248215e-03 1.167707983404397964e-02 -2.922874118667095900e-04 -1.342421211302280426e-02 1.038214284926652908e-02
-2.014137655496597290e-01 2.146888375282287598e-01 -9.050665795803070068e-02 -5.447729676961898804e-02 6.352131813764572144e-02 -4.018507897853851318e-02
-1.602019071578979492e-01 -1.283779144287109375e-01 1.589416563510894775e-01 1.064489409327507019e-01 1.350546032190322876e-01 -1.809670329093933105e-01
-7.064433395862579346e-02 1.940342485904693604e-01 -1.801836192607879639e-01 1.945705413818359375e-01 -1.756283789873123169e-01 -2.566244639456272125e-02
3.475194051861763000e-02 7.426996249705553055e-03 1.252580899745225906e-02 7.172424346208572388e-03 -2.434362471103668213e-02 2.840962959453463554e-03
-2.004683166742324829e-01 2.169049084186553955e-01 2.221182882785797119e-01 -1.218575760722160339e-01 -1.170543730258941650e-01 -1.403240561485290527e-01
3.312258049845695496e-02 1.231244578957557678e-02 2.328872494399547577e-02 6.989758461713790894e-03 -2.993690595030784607e-02 -3.299056843388825655e-04
3.242985531687736511e-02 9.862214326858520508e-03 3.407410159707069397e-02 1.227791979908943176e-02 -3.460520133376121521e-02 7.569879759103059769e-03
2.083853185176849365e-01 -2.103525996208190918e-01 1.971405297517776489e-01 1.785331517457962036e-01 -1.377716958522796631e-01 -1.899226456880569458e-01
9.036722034215927124e-02 1.064893528819084167e-01 -1.392779648303985596e-01 1.666002571582794189e-01 -1.367626935243606567e-01 -9.772463142871856689e-02
2.616791240870952606e-02 6.922837346792221069e-03 2.729132771492004395e-02 1.378776878118515015e-02 -3.987115249037742615e-02 4.873828031122684479e-03
-1.311700791120529175e-01 -1.489052325487136841e-01 6.243941560387611389e-02 7.433985173702239990e-02 8.022552728652954102e-02 2.503615617752075195e-02
-1.123738288879394531e-01 -8.121972531080245972e-02 -1.965706795454025269e-01 -1.245560348033905029e-01 1.333661824464797974e-01 1.715950071811676025e-01
-2.536811493337154388e-02 -1.151745580136775970e-02 -2.112391171976923943e-03 5.869219079613685608e-03 -1.046915305778384209e-03 -2.680987818166613579e-03
-1.958994269371032715e-01 2.044489234685897827e-01 1.959724724292755127e-01 -1.502294987440109253e-01 -1.750171184539794922e-01 1.986209750175476074e-01
-1.067555621266365051e-01 -1.276066452264785767e-01 -1.996390372514724731e-01 -1.012067273259162903e-01 1.193083226680755615e-01 1.694723665714263916e-01
-1.171451807022094727e-01 -1.172135695815086365e-01 6.443634629249572754e-02 8.862821757793426514e-02 -9.119725227355957031e-02 1.136272326111793518e-01
-1.559867262840270996e-01 -1.412950307130813599e-01 -7.437256723642349243e-02 9.222459793090820312e-02 1.095587089657783508e-01 1.129636317491531372e-01
1.171475574374198914e-01 1.156982704997062683e-01 -6.539017707109451294e-02 -9.078642725944519043e-02 8.842922747135162354e-02 -1.128912270069122314e-01
-1.316704154014587402e-01 -1.511813104152679443e-01 5.118547007441520691e-02 7.048844546079635620e-02 7.413705438375473022e-02 4.082138836383819580e-02
-1.566449999809265137e-01 -1.534334421157836914e-01 4.839105159044265747e-02 6.500004231929779053e-02 1.094907745718955994e-01 4.020744189620018005e-02
-1.471408307552337646e-01 -1.368863880634307861e-01 1.220894530415534973e-01 5.945778638124465942e-02 1.325733661651611328e-01 -5.314052104949951172e-02
3.387089073657989502e-02 1.103063579648733139e-02 2.621583268046379089e-02 9.272086434066295624e-03 -2.523590996861457825e-02 3.710749093443155289e-03
-1.028837487101554871e-01 -1.233798190951347351e-01 1.520263552665710449e-01 -2.163221985101699829e-01 1.689517945051193237e-01 1.178378090262413025e-01
2.017726749181747437e-01 -2.091801166534423828e-01 2.012864649295806885e-01 1.398584395647048950e-01 -1.061924397945404053e-01 -1.817044317722320557e-01
1.571758240461349487e-01 1.442478448152542114e-01 -1.837579756975173950e-01 -1.123600304126739502e-01 -1.568258404731750488e-01 2.051879614591598511e-01
-1.427057292312383652e-02 -9.237552061676979065e-03 1.678223343333229423e-04 -1.106894575059413910e-03 -1.324911229312419891e-02 2.526313299313187599e-03
-2.387862466275691986e-02 -1.010136120021343231e-02 -2.636659657582640648e-03 3.383220871910452843e-03 -2.434671390801668167e-03 -1.469734590500593185e-03
